5.78	1269.00	3.40	7.00	25.00	35.00
5.78	1269.00	3.40	7.00	25.00	35.00
5.78	1269.00	3.40	7.00	25.00	35.00
5.78	1269.00	3.40	7.00	25.00	35.00
5.78	1269.00	3.40	7.00	25.00	35.00
4.13	1269.00	3.40	5.00	19.00	35.00
4.13	906.00	3.40	5.00	19.00	29.00
4.14	906.00	3.39	5.00	19.00	29.00
4.14	906.00	3.39	5.00	19.00	29.00
4.14	906.00	3.39	5.00	19.00	29.00
4.14	906.00	3.39	5.00	19.00	29.00
4.14	906.00	3.39	5.00	19.00	29.00
4.14	906.00	3.39	5.00	19.00	29.00
4.14	906.00	3.39	5.00	19.00	29.00
4.97	906.00	3.39	6.00	35.00	29.00
4.97	1544.00	3.39	6.00	35.00	65.00
1.23	1544.00	13.75	6.00	35.00	65.00
1.23	1544.00	13.75	6.00	35.00	65.00
1.23	1544.00	13.75	6.00	35.00	65.00
1.23	1544.00	13.75	6.00	35.00	65.00
1.23	1544.00	13.75	6.00	35.00	65.00
1.23	1544.00	13.75	6.00	35.00	65.00
3.68	1544.00	13.75	18.00	30.00	65.00
3.68	1405.00	13.75	18.00	30.00	39.00
5.52	1405.00	9.15	18.00	30.00	39.00
5.52	1405.00	9.15	18.00	30.00	39.00
5.52	1405.00	9.15	18.00	30.00	39.00
5.52	1405.00	9.15	18.00	30.00	39.00
5.52	1405.00	9.15	18.00	30.00	39.00
5.52	1405.00	9.15	18.00	30.00	39.00
6.44	1405.00	9.15	21.00	30.00	39.00
6.44	1405.00	9.15	21.00	31.00	39.00
6.44	1815.00	9.15	21.00	31.00	42.00
5.11	1815.00	11.53	21.00	31.00	42.00
5.11	1815.00	11.53	21.00	31.00	42.00
5.11	1815.00	11.53	21.00	31.00	42.00
5.11	1815.00	11.53	21.00	31.00	42.00
5.11	1815.00	11.53	21.00	31.00	42.00
5.11	1815.00	11.53	21.00	31.00	42.00
5.11	1815.00	11.53	21.00	31.00	42.00
6.82	1815.00	11.53	28.00	34.00	42.00
6.54	2350.00	12.02	28.00	34.00	49.00
6.54	2350.00	12.02	28.00	34.00	49.00
6.54	2350.00	12.02	28.00	34.00	49.00
6.54	2350.00	12.02	28.00	34.00	49.00
6.54	2350.00	12.02	28.00	34.00	49.00
6.54	2350.00	12.02	28.00	34.00	49.00
6.54	2350.00	12.02	28.00	34.00	49.00
7.01	2350.00	12.02	30.00	32.00	49.00
7.01	1695.00	12.02	30.00	32.00	49.00
7.99	1695.00	10.54	30.00	32.00	49.00
7.99	1695.00	10.54	30.00	32.00	49.00
7.99	1695.00	10.54	30.00	32.00	49.00
7.99	1695.00	10.54	30.00	32.00	49.00
7.99	1695.00	10.54	30.00	32.00	49.00
7.99	1695.00	10.54	30.00	32.00	49.00
7.99	1695.00	10.54	30.00	32.00	49.00
7.99	1695.00	10.54	30.00	32.00	49.00
9.06	1695.00	10.54	34.00	33.00	49.00
9.06	1915.00	10.54	34.00	33.00	52.00
6.49	1915.00	14.70	34.00	33.00	52.00
6.49	1915.00	14.70	34.00	33.00	52.00
6.49	1915.00	14.70	34.00	33.00	52.00
6.49	1915.00	14.70	34.00	33.00	52.00
6.49	1915.00	14.70	34.00	33.00	52.00
6.49	1915.00	14.70	34.00	33.00	52.00
6.49	1915.00	14.70	34.00	33.00	52.00
7.45	1915.00	14.70	39.00	33.00	52.00
7.45	1915.00	14.70	39.00	33.00	47.00
9.61	2127.00	11.40	39.00	33.00	47.00
9.61	2127.00	11.40	39.00	33.00	47.00
9.61	2127.00	11.40	39.00	33.00	47.00
9.61	2127.00	11.40	39.00	33.00	47.00
9.61	2127.00	11.40	39.00	33.00	47.00
9.61	2127.00	11.40	39.00	33.00	47.00
9.61	2127.00	11.40	39.00	33.00	47.00
9.85	2127.00	11.40	40.00	31.00	47.00
9.85	1596.00	11.40	40.00	31.00	43.00
12.66	1596.00	8.87	40.00	31.00	43.00
12.66	1596.00	8.87	40.00	31.00	43.00
12.66	1596.00	8.87	40.00	31.00	43.00
12.66	1596.00	8.87	40.00	31.00	43.00
12.66	1596.00	8.87	40.00	31.00	43.00
12.66	1596.00	8.87	40.00	31.00	43.00
12.98	1596.00	8.87	41.00	27.00	43.00
12.98	1599.00	8.87	41.00	27.00	34.00
14.23	1599.00	8.09	41.00	27.00	34.00
14.23	1599.00	8.09	41.00	27.00	34.00
14.23	1599.00	8.09	41.00	27.00	34.00
14.23	1599.00	8.09	41.00	27.00	34.00
14.23	1599.00	8.09	41.00	27.00	34.00
14.23	1599.00	8.09	41.00	27.00	34.00
14.23	1599.00	8.09	41.00	27.00	34.00
14.23	1599.00	8.09	41.00	27.00	34.00
14.58	1599.00	8.09	42.00	25.00	34.00
14.58	1608.00	8.09	42.00	25.00	30.00
16.99	1608.00	6.94	42.00	25.00	30.00
16.99	1608.00	6.94	42.00	25.00	30.00
16.99	1608.00	6.94	42.00	25.00	30.00
16.99	1608.00	6.94	42.00	25.00	30.00
16.99	1608.00	6.94	42.00	25.00	30.00
16.99	1608.00	6.94	42.00	25.00	30.00
16.99	1608.00	6.94	42.00	25.00	30.00
16.59	1608.00	6.94	41.00	25.00	30.00
16.59	1601.00	6.94	41.00	25.00	30.00
16.59	1601.00	6.94	41.00	25.00	30.00
16.59	1601.00	6.94	41.00	25.00	30.00
16.59	1601.00	6.94	41.00	25.00	30.00
16.59	1601.00	6.94	41.00	25.00	30.00
16.59	1601.00	6.94	41.00	25.00	30.00
16.59	1601.00	6.94	41.00	25.00	30.00
16.59	1601.00	6.94	41.00	25.00	30.00
16.59	1601.00	6.94	41.00	25.00	30.00
16.59	1319.00	6.94	41.00	25.00	30.00
18.51	1319.00	6.22	41.00	25.00	30.00
18.51	1319.00	6.22	41.00	25.00	30.00
18.51	1319.00	6.22	41.00	25.00	30.00
18.51	1319.00	6.22	41.00	25.00	30.00
18.51	1319.00	6.22	41.00	25.00	30.00
18.51	1319.00	6.22	41.00	25.00	30.00
18.51	1319.00	6.22	41.00	25.00	30.00
18.51	1319.00	6.22	41.00	25.00	30.00
18.96	1319.00	6.22	42.00	22.00	30.00
18.96	1292.00	6.22	42.00	22.00	27.00
23.82	1292.00	4.95	42.00	22.00	27.00
23.82	1292.00	4.95	42.00	22.00	27.00
23.82	1292.00	4.95	42.00	22.00	27.00
23.82	1292.00	4.95	42.00	22.00	27.00
23.82	1292.00	4.95	42.00	22.00	27.00
23.82	1292.00	4.95	42.00	22.00	27.00
23.82	1292.00	4.95	42.00	22.00	27.00
23.82	1292.00	4.95	42.00	22.00	27.00
23.82	1292.00	4.95	42.00	27.00	27.00
23.82	1306.00	4.95	42.00	27.00	40.00
16.45	1306.00	7.17	42.00	27.00	40.00
16.45	1306.00	7.17	42.00	27.00	40.00
16.45	1306.00	7.17	42.00	27.00	40.00
16.45	1306.00	7.17	42.00	27.00	40.00
16.45	1306.00	7.17	42.00	27.00	40.00
16.45	1306.00	7.17	42.00	27.00	40.00
16.45	1306.00	7.17	42.00	27.00	40.00
16.45	1306.00	7.17	42.00	25.00	34.00
16.45	1290.00	7.17	42.00	25.00	34.00
20.12	1290.00	5.86	42.00	25.00	34.00
20.12	1290.00	5.86	42.00	25.00	34.00
20.12	1290.00	5.86	42.00	25.00	34.00
20.12	1290.00	5.86	42.00	25.00	34.00
20.12	1290.00	5.86	42.00	25.00	34.00
20.12	1290.00	5.86	42.00	25.00	34.00
19.64	1290.00	5.86	41.00	25.00	34.00
19.64	1290.00	5.86	41.00	23.00	30.00
21.05	1268.00	5.47	41.00	23.00	30.00
21.05	1268.00	5.47	41.00	23.00	30.00
21.05	1268.00	5.47	41.00	23.00	30.00
21.05	1268.00	5.47	41.00	23.00	30.00
21.05	1268.00	5.47	41.00	23.00	30.00
21.05	1268.00	5.47	41.00	23.00	30.00
21.05	1268.00	5.47	41.00	23.00	30.00
20.53	1268.00	5.47	40.00	21.00	30.00
20.53	1238.00	5.47	40.00	21.00	28.00
20.57	1238.00	5.46	40.00	21.00	28.00
20.57	1238.00	5.46	40.00	21.00	28.00
20.57	1238.00	5.46	40.00	21.00	28.00
20.57	1238.00	5.46	40.00	21.00	28.00
20.57	1238.00	5.46	40.00	21.00	28.00
20.57	1238.00	5.46	40.00	21.00	28.00
20.57	1238.00	5.46	40.00	23.00	28.00
20.57	1238.00	5.46	40.00	23.00	32.00
20.65	1236.00	5.44	40.00	23.00	32.00
20.65	1236.00	5.44	40.00	23.00	32.00
20.65	1236.00	5.44	40.00	23.00	32.00
20.65	1236.00	5.44	40.00	23.00	32.00
20.65	1236.00	5.44	40.00	23.00	32.00
20.65	1236.00	5.44	40.00	23.00	32.00
20.65	1236.00	5.44	40.00	23.00	32.00
20.65	1236.00	5.44	40.00	23.00	31.00
20.99	1228.00	5.35	40.00	23.00	31.00
20.99	1228.00	5.35	40.00	23.00	31.00
20.99	1228.00	5.35	40.00	23.00	31.00
20.99	1228.00	5.35	40.00	23.00	31.00
20.99	1228.00	5.35	40.00	23.00	31.00
20.99	1228.00	5.35	40.00	23.00	31.00
20.99	1228.00	5.35	40.00	23.00	31.00
20.99	1228.00	5.35	40.00	23.00	31.00
20.47	1228.00	5.35	39.00	27.00	31.00
20.47	1230.00	5.35	39.00	27.00	45.00
12.87	1230.00	8.51	39.00	27.00	45.00
12.87	1230.00	8.51	39.00	27.00	45.00
12.87	1230.00	8.51	39.00	27.00	45.00
12.87	1230.00	8.51	39.00	27.00	45.00
12.87	1230.00	8.51	39.00	27.00	45.00
12.87	1230.00	8.51	39.00	27.00	45.00
13.53	1230.00	8.51	41.00	27.00	45.00
13.53	1286.00	8.51	41.00	32.00	54.00
12.38	1286.00	9.30	41.00	32.00	54.00
12.38	1286.00	9.30	41.00	32.00	54.00
12.38	1286.00	9.30	41.00	32.00	54.00
12.38	1286.00	9.30	41.00	32.00	54.00
12.38	1286.00	9.30	41.00	32.00	54.00
12.38	1286.00	9.30	41.00	32.00	54.00
12.68	1286.00	9.30	42.00	32.00	54.00
12.68	1286.00	9.30	42.00	30.00	50.00
12.72	1303.00	9.27	42.00	30.00	50.00
12.72	1303.00	9.27	42.00	30.00	50.00
12.72	1303.00	9.27	42.00	30.00	50.00
12.72	1303.00	9.27	42.00	30.00	50.00
12.72	1303.00	9.27	42.00	30.00	50.00
12.72	1303.00	9.27	42.00	30.00	50.00
12.72	1303.00	9.27	42.00	30.00	50.00
13.02	1303.00	9.27	43.00	28.00	50.00
13.02	1329.00	9.27	43.00	28.00	40.00
18.57	1329.00	6.50	43.00	28.00	40.00
18.57	1329.00	6.50	43.00	28.00	40.00
18.57	1329.00	6.50	43.00	28.00	40.00
18.57	1329.00	6.50	43.00	28.00	40.00
18.57	1329.00	6.50	43.00	28.00	40.00
18.57	1329.00	6.50	43.00	28.00	40.00
18.57	1329.00	6.50	43.00	28.00	40.00
18.57	1329.00	6.50	43.00	21.00	25.00
27.63	1334.00	4.37	43.00	21.00	25.00
27.63	1334.00	4.37	43.00	21.00	25.00
27.63	1334.00	4.37	43.00	21.00	25.00
27.63	1334.00	4.37	43.00	21.00	25.00
27.63	1334.00	4.37	43.00	21.00	25.00
27.63	1334.00	4.37	43.00	21.00	25.00
27.63	1334.00	4.37	43.00	21.00	25.00
27.63	1334.00	4.37	43.00	18.00	18.00
27.63	1327.00	4.37	43.00	18.00	18.00
32.72	1327.00	3.69	43.00	18.00	18.00
32.72	1327.00	3.69	43.00	18.00	18.00
32.72	1327.00	3.69	43.00	18.00	18.00
32.72	1327.00	3.69	43.00	18.00	18.00
32.72	1327.00	3.69	43.00	18.00	18.00
32.72	1327.00	3.69	43.00	18.00	18.00
31.96	1327.00	3.69	42.00	16.00	18.00
31.96	1327.00	3.69	42.00	16.00	14.00
34.99	1282.00	3.37	42.00	16.00	14.00
34.99	1282.00	3.37	42.00	16.00	14.00
34.99	1282.00	3.37	42.00	16.00	14.00
34.99	1282.00	3.37	42.00	16.00	14.00
34.99	1282.00	3.37	42.00	16.00	14.00
34.99	1282.00	3.37	42.00	16.00	14.00
34.99	1282.00	3.37	42.00	16.00	14.00
34.99	1282.00	3.37	42.00	16.00	14.00
32.49	1282.00	3.37	39.00	17.00	14.00
32.49	1174.00	3.37	39.00	17.00	18.00
34.11	1174.00	3.21	39.00	17.00	18.00
34.11	1174.00	3.21	39.00	17.00	18.00
34.11	1174.00	3.21	39.00	17.00	18.00
34.11	1174.00	3.21	39.00	17.00	18.00
34.11	1174.00	3.21	39.00	17.00	18.00
34.11	1174.00	3.21	39.00	17.00	18.00
31.49	1174.00	3.21	36.00	17.00	18.00
31.49	1174.00	3.21	36.00	20.00	25.00
24.42	1095.00	4.14	36.00	20.00	25.00
24.42	1095.00	4.14	36.00	20.00	25.00
24.42	1095.00	4.14	36.00	20.00	25.00
24.42	1095.00	4.14	36.00	20.00	25.00
24.42	1095.00	4.14	36.00	20.00	25.00
24.42	1095.00	4.14	36.00	20.00	25.00
24.42	1095.00	4.14	36.00	20.00	25.00
22.38	1095.00	4.14	33.00	18.00	25.00
22.38	725.00	4.14	33.00	18.00	33.00
20.68	725.00	4.48	33.00	18.00	33.00
20.68	725.00	4.48	33.00	18.00	33.00
20.68	725.00	4.48	33.00	18.00	33.00
20.68	725.00	4.48	33.00	18.00	33.00
20.68	725.00	4.48	33.00	18.00	33.00
20.68	725.00	4.48	33.00	18.00	33.00
15.04	725.00	4.48	24.00	18.00	33.00
15.04	725.00	4.48	24.00	19.00	34.00
15.82	868.00	4.26	24.00	19.00	34.00
15.82	868.00	4.26	24.00	19.00	34.00
15.82	868.00	4.26	24.00	19.00	34.00
15.82	868.00	4.26	24.00	19.00	34.00
15.82	868.00	4.26	24.00	19.00	34.00
15.82	868.00	4.26	24.00	19.00	34.00
15.82	868.00	4.26	24.00	19.00	34.00
13.18	868.00	4.26	20.00	19.00	34.00
13.18	827.00	4.26	20.00	44.00	74.00
13.18	827.00	4.26	20.00	44.00	74.00
6.81	827.00	8.24	20.00	44.00	74.00
6.81	827.00	8.24	20.00	44.00	74.00
6.81	827.00	8.24	20.00	44.00	74.00
6.81	827.00	8.24	20.00	44.00	74.00
6.81	827.00	8.24	20.00	44.00	74.00
6.81	827.00	8.24	20.00	44.00	74.00
7.50	827.00	8.24	22.00	44.00	74.00
7.50	877.00	8.24	22.00	46.00	72.00
6.83	877.00	9.04	22.00	46.00	72.00
6.83	877.00	9.04	22.00	46.00	72.00
6.83	877.00	9.04	22.00	46.00	72.00
6.83	877.00	9.04	22.00	46.00	72.00
6.83	877.00	9.04	22.00	46.00	72.00
6.83	877.00	9.04	22.00	46.00	72.00
7.76	877.00	9.04	25.00	46.00	72.00
7.76	877.00	9.04	25.00	34.00	65.00
7.76	995.00	9.04	25.00	34.00	65.00
7.76	995.00	9.04	25.00	34.00	65.00
9.86	995.00	7.12	25.00	34.00	65.00
9.86	995.00	7.12	25.00	34.00	65.00
9.86	995.00	7.12	25.00	34.00	65.00
9.86	995.00	7.12	25.00	34.00	65.00
9.86	995.00	7.12	25.00	34.00	65.00
9.86	995.00	7.12	25.00	34.00	65.00
9.86	995.00	7.12	25.00	34.00	65.00
11.04	995.00	7.12	28.00	27.00	40.00
18.76	1045.00	4.19	28.00	27.00	40.00
18.76	1045.00	4.19	28.00	27.00	40.00
18.76	1045.00	4.19	28.00	27.00	40.00
18.76	1045.00	4.19	28.00	27.00	40.00
18.76	1045.00	4.19	28.00	27.00	40.00
18.76	1045.00	4.19	28.00	27.00	40.00
18.76	1045.00	4.19	28.00	27.00	40.00
19.43	1045.00	4.19	29.00	20.00	40.00
19.43	898.00	4.19	29.00	20.00	33.00
14.97	898.00	5.44	29.00	20.00	33.00
14.97	898.00	5.44	29.00	20.00	33.00
14.97	898.00	5.44	29.00	20.00	33.00
14.97	898.00	5.44	29.00	20.00	33.00
14.97	898.00	5.44	29.00	20.00	33.00
14.97	898.00	5.44	29.00	20.00	33.00
16.00	898.00	5.44	31.00	20.00	33.00
16.00	898.00	5.44	31.00	47.00	72.00
8.76	972.00	9.94	31.00	47.00	72.00
8.76	972.00	9.94	31.00	47.00	72.00
8.76	972.00	9.94	31.00	47.00	72.00
8.76	972.00	9.94	31.00	47.00	72.00
8.76	972.00	9.94	31.00	47.00	72.00
8.76	972.00	9.94	31.00	47.00	72.00
9.04	972.00	9.94	32.00	47.00	72.00
9.04	972.00	9.94	32.00	51.00	72.00
6.83	1305.00	13.15	32.00	51.00	72.00
6.83	1305.00	13.15	32.00	51.00	72.00
6.83	1305.00	13.15	32.00	51.00	72.00
6.83	1305.00	13.15	32.00	51.00	72.00
6.83	1305.00	13.15	32.00	51.00	72.00
6.83	1305.00	13.15	32.00	51.00	72.00
6.83	1305.00	13.15	32.00	51.00	72.00
7.90	1305.00	13.15	37.00	51.00	72.00
7.90	1480.00	13.15	37.00	54.00	76.00
6.43	1480.00	16.15	37.00	54.00	76.00
6.43	1480.00	16.15	37.00	54.00	76.00
6.43	1480.00	16.15	37.00	54.00	76.00
6.43	1480.00	16.15	37.00	54.00	76.00
6.43	1480.00	16.15	37.00	54.00	76.00
6.43	1480.00	16.15	37.00	54.00	76.00
7.13	1480.00	16.15	41.00	54.00	76.00
7.13	1631.00	16.15	41.00	54.00	73.00
6.65	1631.00	17.30	41.00	54.00	73.00
6.65	1631.00	17.30	41.00	54.00	73.00
6.65	1631.00	17.30	41.00	54.00	73.00
6.65	1631.00	17.30	41.00	54.00	73.00
6.65	1631.00	17.30	41.00	54.00	73.00
6.65	1631.00	17.30	41.00	54.00	73.00
6.65	1631.00	17.30	41.00	54.00	73.00
7.14	1631.00	17.30	44.00	29.00	73.00
7.14	1631.00	17.30	44.00	29.00	49.00
7.14	1412.00	17.30	44.00	29.00	49.00
11.25	1412.00	10.98	44.00	29.00	49.00
11.25	1412.00	10.98	44.00	29.00	49.00
11.25	1412.00	10.98	44.00	29.00	49.00
11.25	1412.00	10.98	44.00	29.00	49.00
11.25	1412.00	10.98	44.00	29.00	49.00
11.25	1412.00	10.98	44.00	29.00	49.00
11.76	1412.00	10.98	46.00	26.00	49.00
11.76	1428.00	10.98	46.00	26.00	33.00
19.39	1428.00	6.66	46.00	26.00	33.00
19.39	1428.00	6.66	46.00	26.00	33.00
19.39	1428.00	6.66	46.00	26.00	33.00
19.39	1428.00	6.66	46.00	26.00	33.00
19.39	1428.00	6.66	46.00	26.00	33.00
19.39	1428.00	6.66	46.00	26.00	33.00
19.39	1428.00	6.66	46.00	26.00	33.00
19.39	1428.00	6.66	46.00	25.00	30.00
20.73	1413.00	6.23	46.00	25.00	30.00
20.73	1413.00	6.23	46.00	25.00	30.00
20.73	1413.00	6.23	46.00	25.00	30.00
20.73	1413.00	6.23	46.00	25.00	30.00
20.73	1413.00	6.23	46.00	25.00	30.00
20.73	1413.00	6.23	46.00	25.00	30.00
20.28	1413.00	6.23	45.00	25.00	30.00
20.28	1413.00	6.23	45.00	21.00	24.00
26.49	1390.00	4.77	45.00	21.00	24.00
26.49	1390.00	4.77	45.00	21.00	24.00
26.49	1390.00	4.77	45.00	21.00	24.00
26.49	1390.00	4.77	45.00	21.00	24.00
26.49	1390.00	4.77	45.00	21.00	24.00
26.49	1390.00	4.77	45.00	21.00	24.00
26.49	1390.00	4.77	45.00	21.00	24.00
25.90	1390.00	4.77	44.00	21.00	24.00
25.90	1390.00	4.77	44.00	16.00	14.00
46.10	1340.00	2.68	44.00	16.00	14.00
46.10	1340.00	2.68	44.00	16.00	14.00
46.10	1340.00	2.68	44.00	16.00	14.00
46.10	1340.00	2.68	44.00	16.00	14.00
46.10	1340.00	2.68	44.00	16.00	14.00
46.10	1340.00	2.68	44.00	16.00	14.00
46.10	1340.00	2.68	44.00	16.00	14.00
44.00	1340.00	2.68	42.00	19.00	14.00
44.00	1288.00	2.68	42.00	19.00	20.00
30.39	1288.00	3.88	42.00	19.00	20.00
30.39	1288.00	3.88	42.00	19.00	20.00
30.39	1288.00	3.88	42.00	19.00	20.00
30.39	1288.00	3.88	42.00	19.00	20.00
30.39	1288.00	3.88	42.00	19.00	20.00
30.39	1288.00	3.88	42.00	19.00	20.00
29.67	1288.00	3.88	41.00	19.00	20.00
29.67	1250.00	3.88	41.00	20.00	24.00
26.90	1250.00	4.28	41.00	20.00	24.00
26.90	1250.00	4.28	41.00	20.00	24.00
26.90	1250.00	4.28	41.00	20.00	24.00
26.90	1250.00	4.28	41.00	20.00	24.00
26.90	1250.00	4.28	41.00	20.00	24.00
26.90	1250.00	4.28	41.00	20.00	24.00
26.90	1250.00	4.28	41.00	20.00	24.00
26.24	1250.00	4.28	40.00	20.00	24.00
26.24	1250.00	4.28	40.00	20.00	24.00
26.24	1228.00	4.28	40.00	20.00	24.00
24.63	1228.00	4.56	40.00	20.00	24.00
24.63	1228.00	4.56	40.00	20.00	24.00
24.63	1228.00	4.56	40.00	20.00	24.00
24.63	1228.00	4.56	40.00	20.00	24.00
24.63	1228.00	4.56	40.00	20.00	24.00
24.63	1228.00	4.56	40.00	20.00	24.00
24.63	1228.00	4.56	40.00	20.00	24.00
24.01	1228.00	4.56	39.00	23.00	24.00
24.01	1206.00	4.56	39.00	23.00	34.00
18.31	1206.00	5.98	39.00	23.00	34.00
18.31	1206.00	5.98	39.00	23.00	34.00
18.31	1206.00	5.98	39.00	23.00	34.00
18.31	1206.00	5.98	39.00	23.00	34.00
18.31	1206.00	5.98	39.00	23.00	34.00
18.31	1206.00	5.98	39.00	23.00	34.00
18.31	1206.00	5.98	39.00	23.00	34.00
18.31	1206.00	5.98	39.00	25.00	36.00
17.30	1211.00	6.33	39.00	25.00	36.00
17.30	1211.00	6.33	39.00	25.00	36.00
17.30	1211.00	6.33	39.00	25.00	36.00
17.30	1211.00	6.33	39.00	25.00	36.00
17.30	1211.00	6.33	39.00	25.00	36.00
17.30	1211.00	6.33	39.00	25.00	36.00
17.30	1211.00	6.33	39.00	25.00	36.00
17.74	1211.00	6.33	40.00	26.00	36.00
16.30	1223.00	6.89	40.00	26.00	40.00
16.30	1223.00	6.89	40.00	26.00	40.00
16.30	1223.00	6.89	40.00	26.00	40.00
16.30	1223.00	6.89	40.00	26.00	40.00
16.30	1223.00	6.89	40.00	26.00	40.00
16.30	1223.00	6.89	40.00	26.00	40.00
16.30	1223.00	6.89	40.00	26.00	40.00
16.30	1223.00	6.89	40.00	26.00	40.00
16.30	1240.00	6.89	40.00	26.00	41.00
15.45	1240.00	7.27	40.00	26.00	41.00
15.45	1240.00	7.27	40.00	26.00	41.00
15.45	1240.00	7.27	40.00	26.00	41.00
15.45	1240.00	7.27	40.00	26.00	41.00
15.45	1240.00	7.27	40.00	26.00	41.00
15.45	1240.00	7.27	40.00	26.00	41.00
15.83	1240.00	7.27	41.00	26.00	41.00
15.83	1240.00	7.27	41.00	30.00	49.00
12.65	1281.00	9.10	41.00	30.00	49.00
12.65	1281.00	9.10	41.00	30.00	49.00
12.65	1281.00	9.10	41.00	30.00	49.00
12.65	1281.00	9.10	41.00	30.00	49.00
12.65	1281.00	9.10	41.00	30.00	49.00
12.65	1281.00	9.10	41.00	30.00	49.00
13.27	1281.00	9.10	43.00	30.00	49.00
13.27	1281.00	9.10	43.00	28.00	49.00
13.27	1344.00	9.10	43.00	28.00	42.00
15.54	1344.00	7.77	43.00	28.00	42.00
15.54	1344.00	7.77	43.00	28.00	42.00
15.54	1344.00	7.77	43.00	28.00	42.00
15.54	1344.00	7.77	43.00	28.00	42.00
15.54	1344.00	7.77	43.00	28.00	42.00
15.54	1344.00	7.77	43.00	28.00	42.00
15.54	1344.00	7.77	43.00	28.00	42.00
15.90	1344.00	7.77	44.00	28.00	42.00
15.90	1344.00	7.77	44.00	26.00	37.00
17.25	1368.00	7.16	44.00	26.00	37.00
17.25	1368.00	7.16	44.00	26.00	37.00
17.25	1368.00	7.16	44.00	26.00	37.00
17.25	1368.00	7.16	44.00	26.00	37.00
17.25	1368.00	7.16	44.00	26.00	37.00
17.25	1368.00	7.16	44.00	26.00	37.00
17.25	1368.00	7.16	44.00	26.00	37.00
17.25	1368.00	7.16	44.00	20.00	37.00
17.25	1355.00	7.16	44.00	20.00	20.00
35.50	1355.00	3.48	44.00	20.00	20.00
35.50	1355.00	3.48	44.00	20.00	20.00
35.50	1355.00	3.48	44.00	20.00	20.00
35.50	1355.00	3.48	44.00	20.00	20.00
35.50	1355.00	3.48	44.00	20.00	20.00
35.50	1355.00	3.48	44.00	20.00	20.00
34.69	1355.00	3.48	43.00	16.00	20.00
34.69	1330.00	3.48	43.00	16.00	15.00
45.05	1330.00	2.68	43.00	16.00	15.00
45.05	1330.00	2.68	43.00	16.00	15.00
45.05	1330.00	2.68	43.00	16.00	15.00
45.05	1330.00	2.68	43.00	16.00	15.00
45.05	1330.00	2.68	43.00	16.00	15.00
45.05	1330.00	2.68	43.00	16.00	15.00
44.00	1330.00	2.68	42.00	20.00	15.00
44.00	1304.00	2.68	42.00	20.00	22.00
27.68	1304.00	4.26	42.00	20.00	22.00
27.68	1304.00	4.26	42.00	20.00	22.00
27.68	1304.00	4.26	42.00	20.00	22.00
27.68	1304.00	4.26	42.00	20.00	22.00
27.68	1304.00	4.26	42.00	20.00	22.00
27.68	1304.00	4.26	42.00	20.00	22.00
27.68	1304.00	4.26	42.00	15.00	22.00
27.68	1304.00	4.26	42.00	15.00	12.00
32.22	1247.00	3.66	42.00	15.00	12.00
32.22	1247.00	3.66	42.00	15.00	12.00
32.22	1247.00	3.66	42.00	15.00	12.00
32.22	1247.00	3.66	42.00	15.00	12.00
32.22	1247.00	3.66	42.00	15.00	12.00
32.22	1247.00	3.66	42.00	15.00	12.00
32.22	1247.00	3.66	42.00	15.00	12.00
29.92	1247.00	3.66	39.00	17.00	12.00
34.22	1212.00	3.20	39.00	17.00	18.00
34.22	1212.00	3.20	39.00	17.00	18.00
34.22	1212.00	3.20	39.00	17.00	18.00
34.22	1212.00	3.20	39.00	17.00	18.00
34.22	1212.00	3.20	39.00	17.00	18.00
34.22	1212.00	3.20	39.00	17.00	18.00
34.22	1212.00	3.20	39.00	17.00	18.00
33.34	1212.00	3.20	38.00	17.00	18.00
33.34	1212.00	3.20	38.00	20.00	30.00
25.53	971.00	4.18	38.00	20.00	30.00
10.64	985.00	3.96	15.00	20.00	29.00
10.64	985.00	3.96	15.00	20.00	29.00
10.64	985.00	3.96	15.00	20.00	29.00
10.64	985.00	3.96	15.00	20.00	29.00
0.71	985.00	3.96	1.00	24.00	29.00
0.71	828.00	3.96	1.00	24.00	68.00
0.32	828.00	8.85	1.00	24.00	68.00
0.32	828.00	8.85	1.00	24.00	68.00
0.32	828.00	8.85	1.00	24.00	68.00
0.32	828.00	8.85	1.00	24.00	68.00
0.32	828.00	8.85	1.00	24.00	68.00
0.32	828.00	8.85	1.00	24.00	68.00
1.90	828.00	8.85	6.00	24.00	68.00
1.90	828.00	8.85	6.00	25.00	32.00
4.03	984.00	4.18	6.00	25.00	32.00
4.03	984.00	4.18	6.00	25.00	32.00
4.03	984.00	4.18	6.00	25.00	32.00
4.03	984.00	4.18	6.00	25.00	32.00
4.03	984.00	4.18	6.00	25.00	32.00
4.03	984.00	4.18	6.00	25.00	32.00
6.05	984.00	4.18	9.00	25.00	32.00
6.05	984.00	4.18	9.00	27.00	38.00
3.13	1484.00	8.07	9.00	27.00	38.00
3.13	1484.00	8.07	9.00	27.00	38.00
3.13	1484.00	8.07	9.00	27.00	38.00
3.13	1484.00	8.07	9.00	27.00	38.00
3.13	1484.00	8.07	9.00	27.00	38.00
3.13	1484.00	8.07	9.00	27.00	38.00
3.13	1484.00	8.07	9.00	27.00	38.00
3.13	1484.00	8.07	9.00	27.00	38.00
5.57	1484.00	8.07	16.00	27.00	38.00
5.57	2254.00	8.07	16.00	25.00	10.00
10.98	2254.00	4.09	16.00	25.00	10.00
10.98	2254.00	4.09	16.00	25.00	10.00
10.98	2254.00	4.09	16.00	25.00	10.00
10.98	2254.00	4.09	16.00	25.00	10.00
10.98	2254.00	4.09	16.00	25.00	10.00
10.98	2254.00	4.09	16.00	25.00	10.00
12.36	2254.00	4.09	18.00	25.00	10.00
12.36	2254.00	4.09	18.00	30.00	44.00
4.99	1622.00	10.13	18.00	30.00	44.00
4.99	1622.00	10.13	18.00	30.00	44.00
4.99	1622.00	10.13	18.00	30.00	44.00
4.99	1622.00	10.13	18.00	30.00	44.00
4.99	1622.00	10.13	18.00	30.00	44.00
4.99	1622.00	10.13	18.00	30.00	44.00
6.65	1622.00	10.13	24.00	30.00	44.00
6.65	1622.00	10.13	24.00	32.00	45.00
5.01	2094.00	13.46	24.00	32.00	45.00
5.01	2094.00	13.46	24.00	32.00	45.00
5.01	2094.00	13.46	24.00	32.00	45.00
5.01	2094.00	13.46	24.00	32.00	45.00
5.01	2094.00	13.46	24.00	32.00	45.00
5.01	2094.00	13.46	24.00	32.00	45.00
5.01	2094.00	13.46	24.00	32.00	45.00
6.47	2094.00	13.46	31.00	34.00	34.00
21.60	2559.00	4.03	31.00	34.00	34.00
21.60	2559.00	4.03	31.00	34.00	34.00
21.60	2559.00	4.03	31.00	34.00	34.00
21.60	2559.00	4.03	31.00	34.00	34.00
21.60	2559.00	4.03	31.00	34.00	34.00
21.60	2559.00	4.03	31.00	34.00	34.00
21.60	2559.00	4.03	31.00	34.00	34.00
24.39	2559.00	4.03	35.00	34.00	34.00
24.39	2559.00	4.03	35.00	26.00	26.00
14.00	1928.00	7.02	35.00	26.00	26.00
14.00	1928.00	7.02	35.00	26.00	26.00
14.00	1928.00	7.02	35.00	26.00	26.00
14.00	1928.00	7.02	35.00	26.00	26.00
14.00	1928.00	7.02	35.00	26.00	26.00
14.00	1928.00	7.02	35.00	26.00	26.00
14.00	1928.00	7.02	35.00	26.00	26.00
14.00	1928.00	7.02	35.00	23.00	21.00
16.46	1918.00	5.97	35.00	23.00	21.00
16.46	1918.00	5.97	35.00	23.00	21.00
16.46	1918.00	5.97	35.00	23.00	21.00
16.46	1918.00	5.97	35.00	23.00	21.00
16.46	1918.00	5.97	35.00	23.00	21.00
16.46	1918.00	5.97	35.00	23.00	21.00
17.40	1918.00	5.97	37.00	23.00	21.00
17.40	1918.00	5.97	37.00	26.00	21.00
32.88	2030.00	3.16	37.00	26.00	21.00
32.88	2030.00	3.16	37.00	26.00	21.00
32.88	2030.00	3.16	37.00	26.00	21.00
32.88	2030.00	3.16	37.00	26.00	21.00
32.88	2030.00	3.16	37.00	26.00	21.00
32.88	2030.00	3.16	37.00	26.00	21.00
32.88	2030.00	3.16	37.00	26.00	21.00
34.65	2030.00	3.16	39.00	26.00	21.00
34.65	2030.00	3.16	39.00	29.00	40.00
12.36	1547.00	8.86	39.00	29.00	40.00
12.36	1547.00	8.86	39.00	29.00	40.00
12.36	1547.00	8.86	39.00	29.00	40.00
12.36	1547.00	8.86	39.00	29.00	40.00
12.36	1547.00	8.86	39.00	29.00	40.00
12.36	1547.00	8.86	39.00	29.00	40.00
12.99	1547.00	8.86	41.00	29.00	40.00
12.99	1547.00	8.86	41.00	24.00	26.00
19.09	1599.00	6.03	41.00	24.00	26.00
19.09	1599.00	6.03	41.00	24.00	26.00
19.09	1599.00	6.03	41.00	24.00	26.00
19.09	1599.00	6.03	41.00	24.00	26.00
19.09	1599.00	6.03	41.00	24.00	26.00
19.09	1599.00	6.03	41.00	24.00	26.00
19.09	1599.00	6.03	41.00	24.00	26.00
19.09	1599.00	6.03	41.00	24.00	26.00
19.09	1612.00	6.03	41.00	24.00	25.00
18.93	1612.00	6.08	41.00	24.00	25.00
18.93	1612.00	6.08	41.00	24.00	25.00
18.93	1612.00	6.08	41.00	24.00	25.00
18.93	1612.00	6.08	41.00	24.00	25.00
18.93	1612.00	6.08	41.00	24.00	25.00
18.93	1612.00	6.08	41.00	24.00	25.00
19.40	1612.00	6.08	42.00	24.00	25.00
19.40	1612.00	6.08	42.00	24.00	25.00
19.62	1606.00	6.01	42.00	24.00	25.00
19.62	1606.00	6.01	42.00	24.00	25.00
19.62	1606.00	6.01	42.00	24.00	25.00
19.62	1606.00	6.01	42.00	24.00	25.00
19.62	1606.00	6.01	42.00	24.00	25.00
19.62	1606.00	6.01	42.00	24.00	25.00
19.62	1606.00	6.01	42.00	24.00	25.00
19.62	1606.00	6.01	42.00	24.00	25.00
19.62	1617.00	6.01	42.00	24.00	26.00
19.02	1617.00	6.20	42.00	24.00	26.00
19.02	1617.00	6.20	42.00	24.00	26.00
19.02	1617.00	6.20	42.00	24.00	26.00
19.02	1617.00	6.20	42.00	24.00	26.00
19.02	1617.00	6.20	42.00	24.00	26.00
19.02	1617.00	6.20	42.00	24.00	26.00
19.02	1617.00	6.20	42.00	24.00	26.00
19.02	1617.00	6.20	42.00	26.00	30.00
19.02	1645.00	6.20	42.00	26.00	30.00
16.38	1645.00	7.20	42.00	26.00	30.00
16.38	1645.00	7.20	42.00	26.00	30.00
16.38	1645.00	7.20	42.00	26.00	30.00
16.38	1645.00	7.20	42.00	26.00	30.00
16.38	1645.00	7.20	42.00	26.00	30.00
16.38	1645.00	7.20	42.00	26.00	30.00
16.38	1645.00	7.20	42.00	26.00	30.00
16.77	1645.00	7.20	43.00	32.00	30.00
16.77	1358.00	7.20	43.00	32.00	51.00
11.55	1358.00	10.45	43.00	32.00	51.00
11.55	1358.00	10.45	43.00	32.00	51.00
11.55	1358.00	10.45	43.00	32.00	51.00
11.55	1358.00	10.45	43.00	32.00	51.00
11.55	1358.00	10.45	43.00	32.00	51.00
11.55	1358.00	10.45	43.00	32.00	51.00
11.55	1358.00	10.45	43.00	32.00	51.00
12.09	1358.00	10.45	45.00	24.00	51.00
12.09	1394.00	10.45	45.00	24.00	30.00
20.44	1394.00	6.18	45.00	24.00	30.00
20.44	1394.00	6.18	45.00	24.00	30.00
20.44	1394.00	6.18	45.00	24.00	30.00
20.44	1394.00	6.18	45.00	24.00	30.00
20.44	1394.00	6.18	45.00	24.00	30.00
20.44	1394.00	6.18	45.00	24.00	30.00
20.90	1394.00	6.18	46.00	25.00	30.00
20.90	1395.00	6.18	46.00	25.00	32.00
19.72	1395.00	6.55	46.00	25.00	32.00
19.72	1395.00	6.55	46.00	25.00	32.00
19.72	1395.00	6.55	46.00	25.00	32.00
19.72	1395.00	6.55	46.00	25.00	32.00
19.72	1395.00	6.55	46.00	25.00	32.00
19.72	1395.00	6.55	46.00	25.00	32.00
19.72	1395.00	6.55	46.00	25.00	32.00
19.72	1395.00	6.55	46.00	25.00	32.00
18.66	1419.00	6.92	46.00	25.00	32.00
18.66	1419.00	6.92	46.00	25.00	32.00
18.66	1419.00	6.92	46.00	25.00	32.00
18.66	1419.00	6.92	46.00	25.00	32.00
18.66	1419.00	6.92	46.00	25.00	32.00
18.66	1419.00	6.92	46.00	25.00	32.00
18.66	1419.00	6.92	46.00	25.00	32.00
18.66	1419.00	6.92	46.00	26.00	32.00
17.89	1441.00	7.22	46.00	26.00	34.00
17.89	1441.00	7.22	46.00	26.00	34.00
17.89	1441.00	7.22	46.00	26.00	34.00
17.89	1441.00	7.22	46.00	26.00	34.00
17.89	1441.00	7.22	46.00	26.00	34.00
17.89	1441.00	7.22	46.00	26.00	34.00
17.89	1441.00	7.22	46.00	26.00	34.00
17.89	1441.00	7.22	46.00	26.00	34.00
18.28	1441.00	7.22	47.00	26.00	34.00
18.28	1441.00	7.22	47.00	23.00	34.00
18.28	1448.00	7.22	47.00	23.00	26.00
23.44	1448.00	5.63	47.00	23.00	26.00
23.44	1448.00	5.63	47.00	23.00	26.00
23.44	1448.00	5.63	47.00	23.00	26.00
23.44	1448.00	5.63	47.00	23.00	26.00
23.44	1448.00	5.63	47.00	23.00	26.00
23.44	1448.00	5.63	47.00	23.00	26.00
23.44	1448.00	5.63	47.00	23.00	26.00
23.44	1448.00	5.63	47.00	21.00	23.00
26.99	1441.00	4.89	47.00	21.00	23.00
26.99	1441.00	4.89	47.00	21.00	23.00
26.99	1441.00	4.89	47.00	21.00	23.00
26.99	1441.00	4.89	47.00	21.00	23.00
26.99	1441.00	4.89	47.00	21.00	23.00
26.99	1441.00	4.89	47.00	21.00	23.00
26.41	1441.00	4.89	46.00	21.00	23.00
26.41	1441.00	4.89	46.00	22.00	25.00
24.23	1426.00	5.33	46.00	22.00	25.00
24.23	1426.00	5.33	46.00	22.00	25.00
24.23	1426.00	5.33	46.00	22.00	25.00
24.23	1426.00	5.33	46.00	22.00	25.00
24.23	1426.00	5.33	46.00	22.00	25.00
24.23	1426.00	5.33	46.00	22.00	25.00
24.23	1426.00	5.33	46.00	22.00	25.00
24.23	1426.00	5.33	46.00	22.00	25.00
24.23	1423.00	5.33	46.00	22.00	25.00
24.70	1423.00	5.23	46.00	22.00	25.00
24.70	1423.00	5.23	46.00	22.00	25.00
24.70	1423.00	5.23	46.00	22.00	25.00
24.70	1423.00	5.23	46.00	22.00	25.00
24.70	1423.00	5.23	46.00	22.00	25.00
24.70	1423.00	5.23	46.00	22.00	25.00
24.70	1423.00	5.23	46.00	22.00	25.00
24.70	1416.00	5.23	46.00	22.00	25.00
27.84	1416.00	4.64	46.00	22.00	25.00
27.84	1416.00	4.64	46.00	22.00	25.00
27.84	1416.00	4.64	46.00	22.00	25.00
27.84	1416.00	4.64	46.00	22.00	25.00
27.84	1416.00	4.64	46.00	22.00	25.00
27.84	1416.00	4.64	46.00	22.00	25.00
27.23	1416.00	4.64	45.00	22.00	25.00
27.23	1416.00	4.64	45.00	15.00	12.00
47.68	1373.00	2.65	45.00	15.00	12.00
47.68	1373.00	2.65	45.00	15.00	12.00
47.68	1373.00	2.65	45.00	15.00	12.00
47.68	1373.00	2.65	45.00	15.00	12.00
47.68	1373.00	2.65	45.00	15.00	12.00
47.68	1373.00	2.65	45.00	15.00	12.00
47.68	1373.00	2.65	45.00	15.00	12.00
45.56	1373.00	2.65	43.00	15.00	12.00
45.56	1314.00	2.65	43.00	15.00	13.00
47.72	1314.00	2.53	43.00	15.00	13.00
47.72	1314.00	2.53	43.00	15.00	13.00
47.72	1314.00	2.53	43.00	15.00	13.00
47.72	1314.00	2.53	43.00	15.00	13.00
47.72	1314.00	2.53	43.00	15.00	13.00
47.72	1314.00	2.53	43.00	15.00	13.00
45.50	1314.00	2.53	41.00	15.00	13.00
45.50	1257.00	2.53	41.00	15.00	13.00
47.77	1257.00	2.41	41.00	15.00	13.00
47.77	1257.00	2.41	41.00	15.00	13.00
47.77	1257.00	2.41	41.00	15.00	13.00
47.77	1257.00	2.41	41.00	15.00	13.00
47.77	1257.00	2.41	41.00	15.00	13.00
47.77	1257.00	2.41	41.00	15.00	13.00
43.11	1257.00	2.41	37.00	15.00	13.00
43.11	1257.00	2.41	37.00	14.00	13.00
48.32	1137.00	2.15	37.00	14.00	13.00
48.32	1137.00	2.15	37.00	14.00	13.00
48.32	1137.00	2.15	37.00	14.00	13.00
48.32	1137.00	2.15	37.00	14.00	13.00
48.32	1137.00	2.15	37.00	14.00	13.00
48.32	1137.00	2.15	37.00	14.00	13.00
48.32	1137.00	2.15	37.00	14.00	13.00
44.40	1137.00	2.15	34.00	16.00	13.00
44.40	1383.00	2.15	34.00	16.00	20.00
35.49	1383.00	2.69	34.00	16.00	20.00
35.49	1383.00	2.69	34.00	16.00	20.00
35.49	1383.00	2.69	34.00	16.00	20.00
35.49	1383.00	2.69	34.00	16.00	20.00
35.49	1383.00	2.69	34.00	16.00	20.00
35.49	1383.00	2.69	34.00	16.00	20.00
35.49	1383.00	2.69	34.00	16.00	20.00
35.49	1383.00	2.69	34.00	16.00	20.00
25.05	1383.00	2.69	24.00	17.00	25.00
25.05	831.00	2.69	24.00	17.00	25.00
19.04	831.00	3.54	24.00	17.00	25.00
19.04	831.00	3.54	24.00	17.00	25.00
19.04	831.00	3.54	24.00	17.00	25.00
19.04	831.00	3.54	24.00	17.00	25.00
19.04	831.00	3.54	24.00	17.00	25.00
19.04	831.00	3.54	24.00	17.00	25.00
16.66	831.00	3.54	21.00	17.00	25.00
16.66	831.00	3.54	21.00	44.00	71.00
6.86	844.00	8.59	21.00	44.00	71.00
6.86	844.00	8.59	21.00	44.00	71.00
6.86	844.00	8.59	21.00	44.00	71.00
6.86	844.00	8.59	21.00	44.00	71.00
6.86	844.00	8.59	21.00	44.00	71.00
6.86	844.00	8.59	21.00	44.00	71.00
6.86	844.00	8.59	21.00	44.00	71.00
7.19	844.00	8.59	22.00	29.00	71.00
7.19	1223.00	8.59	22.00	29.00	45.00
8.27	1223.00	7.47	22.00	29.00	45.00
8.27	1223.00	7.47	22.00	29.00	45.00
8.27	1223.00	7.47	22.00	29.00	45.00
8.27	1223.00	7.47	22.00	29.00	45.00
8.27	1223.00	7.47	22.00	29.00	45.00
8.27	1223.00	7.47	22.00	29.00	45.00
8.27	1223.00	7.47	22.00	29.00	45.00
9.02	1223.00	7.47	24.00	26.00	45.00
9.02	1334.00	7.47	24.00	26.00	37.00
9.32	1334.00	7.23	24.00	26.00	37.00
9.32	1334.00	7.23	24.00	26.00	37.00
9.32	1334.00	7.23	24.00	26.00	37.00
9.32	1334.00	7.23	24.00	26.00	37.00
9.32	1334.00	7.23	24.00	26.00	37.00
9.32	1334.00	7.23	24.00	26.00	37.00
10.49	1334.00	7.23	27.00	26.00	37.00
10.49	1334.00	7.23	27.00	29.00	41.00
8.94	1544.00	8.48	27.00	29.00	41.00
8.94	1544.00	8.48	27.00	29.00	41.00
8.94	1544.00	8.48	27.00	29.00	41.00
8.94	1544.00	8.48	27.00	29.00	41.00
8.94	1544.00	8.48	27.00	29.00	41.00
8.94	1544.00	8.48	27.00	29.00	41.00
8.94	1544.00	8.48	27.00	29.00	41.00
9.93	1544.00	8.48	30.00	21.00	41.00
9.93	1290.00	8.48	30.00	21.00	27.00
13.08	1290.00	6.44	30.00	21.00	27.00
13.08	1290.00	6.44	30.00	21.00	27.00
13.08	1290.00	6.44	30.00	21.00	27.00
13.08	1290.00	6.44	30.00	21.00	27.00
13.08	1290.00	6.44	30.00	21.00	27.00
13.08	1290.00	6.44	30.00	21.00	27.00
14.39	1290.00	6.44	33.00	21.00	27.00
14.39	1290.00	6.44	33.00	36.00	73.00
14.39	2308.00	6.44	33.00	36.00	73.00
4.34	2308.00	21.33	33.00	36.00	73.00
4.34	2308.00	21.33	33.00	36.00	73.00
4.34	2308.00	21.33	33.00	36.00	73.00
4.34	2308.00	21.33	33.00	36.00	73.00
4.34	2308.00	21.33	33.00	36.00	73.00
4.34	2308.00	21.33	33.00	36.00	73.00
4.34	2308.00	21.33	33.00	36.00	73.00
4.34	2308.00	21.33	33.00	36.00	73.00
5.40	2308.00	21.33	41.00	35.00	73.00
5.40	2318.00	21.33	41.00	35.00	51.00
9.69	2318.00	11.88	41.00	35.00	51.00
9.69	2318.00	11.88	41.00	35.00	51.00
9.69	2318.00	11.88	41.00	35.00	51.00
9.69	2318.00	11.88	41.00	35.00	51.00
9.69	2318.00	11.88	41.00	35.00	51.00
9.69	2318.00	11.88	41.00	35.00	51.00
10.40	2318.00	11.88	44.00	35.00	51.00
10.40	1731.00	11.88	44.00	33.00	52.00
16.23	1731.00	7.61	44.00	33.00	52.00
16.23	1731.00	7.61	44.00	33.00	52.00
16.23	1731.00	7.61	44.00	33.00	52.00
16.23	1731.00	7.61	44.00	33.00	52.00
16.23	1731.00	7.61	44.00	33.00	52.00
16.23	1731.00	7.61	44.00	33.00	52.00
16.97	1731.00	7.61	46.00	32.00	52.00
16.97	1794.00	7.61	46.00	32.00	51.00
9.51	1794.00	13.58	46.00	32.00	51.00
9.51	1794.00	13.58	46.00	32.00	51.00
9.51	1794.00	13.58	46.00	32.00	51.00
9.51	1794.00	13.58	46.00	32.00	51.00
9.51	1794.00	13.58	46.00	32.00	51.00
9.51	1794.00	13.58	46.00	32.00	51.00
10.13	1794.00	13.58	49.00	17.00	51.00
10.13	1574.00	13.58	49.00	17.00	14.00
40.95	1574.00	3.36	49.00	17.00	14.00
40.95	1574.00	3.36	49.00	17.00	14.00
40.95	1574.00	3.36	49.00	17.00	14.00
40.95	1574.00	3.36	49.00	17.00	14.00
40.95	1574.00	3.36	49.00	17.00	14.00
40.95	1574.00	3.36	49.00	17.00	14.00
40.95	1574.00	3.36	49.00	17.00	14.00
40.95	1574.00	3.36	49.00	28.00	38.00
17.26	1510.00	7.97	49.00	28.00	38.00
17.26	1510.00	7.97	49.00	28.00	38.00
17.26	1510.00	7.97	49.00	28.00	38.00
17.26	1510.00	7.97	49.00	28.00	38.00
17.26	1510.00	7.97	49.00	28.00	38.00
17.26	1510.00	7.97	49.00	28.00	38.00
17.26	1510.00	7.97	49.00	28.00	38.00
17.26	1510.00	7.97	49.00	23.00	38.00
24.18	1511.00	5.69	49.00	23.00	26.00
24.18	1511.00	5.69	49.00	23.00	26.00
24.18	1511.00	5.69	49.00	23.00	26.00
24.18	1511.00	5.69	49.00	23.00	26.00
24.18	1511.00	5.69	49.00	23.00	26.00
24.18	1511.00	5.69	49.00	23.00	26.00
24.18	1511.00	5.69	49.00	23.00	26.00
24.18	1511.00	5.69	49.00	22.00	26.00
24.18	1511.00	5.69	49.00	22.00	24.00
24.18	1504.00	5.69	49.00	22.00	24.00
27.24	1504.00	5.05	49.00	22.00	24.00
27.24	1504.00	5.05	49.00	22.00	24.00
27.24	1504.00	5.05	49.00	22.00	24.00
27.24	1504.00	5.05	49.00	22.00	24.00
27.24	1504.00	5.05	49.00	22.00	24.00
27.24	1504.00	5.05	49.00	22.00	24.00
26.69	1504.00	5.05	48.00	22.00	24.00
26.69	1504.00	5.05	48.00	21.00	22.00
27.85	1482.00	4.84	48.00	21.00	22.00
27.85	1482.00	4.84	48.00	21.00	22.00
27.85	1482.00	4.84	48.00	21.00	22.00
27.85	1482.00	4.84	48.00	21.00	22.00
27.85	1482.00	4.84	48.00	21.00	22.00
27.85	1482.00	4.84	48.00	21.00	22.00
27.85	1482.00	4.84	48.00	21.00	22.00
27.85	1482.00	4.84	48.00	23.00	22.00
27.85	1482.00	4.84	48.00	23.00	27.00
22.46	1475.00	6.00	48.00	23.00	27.00
22.46	1475.00	6.00	48.00	23.00	27.00
22.46	1475.00	6.00	48.00	23.00	27.00
22.46	1475.00	6.00	48.00	23.00	27.00
22.46	1475.00	6.00	48.00	23.00	27.00
22.46	1475.00	6.00	48.00	23.00	27.00
22.46	1475.00	6.00	48.00	23.00	27.00
22.46	1475.00	6.00	48.00	24.00	27.00
22.46	1499.00	6.00	48.00	24.00	27.00
22.24	1499.00	6.06	48.00	24.00	27.00
22.24	1499.00	6.06	48.00	24.00	27.00
22.24	1499.00	6.06	48.00	24.00	27.00
22.24	1499.00	6.06	48.00	24.00	27.00
22.24	1499.00	6.06	48.00	24.00	27.00
22.24	1499.00	6.06	48.00	24.00	27.00
22.24	1499.00	6.06	48.00	24.00	27.00
22.24	1499.00	6.06	48.00	24.00	27.00
22.24	1499.00	6.06	48.00	24.00	27.00
22.24	1499.00	6.06	48.00	21.00	22.00
31.27	1496.00	4.31	48.00	21.00	22.00
31.27	1496.00	4.31	48.00	21.00	22.00
31.27	1496.00	4.31	48.00	21.00	22.00
31.27	1496.00	4.31	48.00	21.00	22.00
31.27	1496.00	4.31	48.00	21.00	22.00
31.27	1496.00	4.31	48.00	21.00	22.00
31.27	1496.00	4.31	48.00	21.00	22.00
31.27	1496.00	4.31	48.00	19.00	18.00
33.86	1492.00	3.98	48.00	19.00	18.00
33.86	1492.00	3.98	48.00	19.00	18.00
33.86	1492.00	3.98	48.00	19.00	18.00
33.86	1492.00	3.98	48.00	19.00	18.00
33.86	1492.00	3.98	48.00	19.00	18.00
33.86	1492.00	3.98	48.00	19.00	18.00
33.86	1492.00	3.98	48.00	19.00	18.00
33.86	1492.00	3.98	48.00	19.00	18.00
33.86	1492.00	3.98	48.00	19.00	18.00
33.86	1492.00	3.98	48.00	25.00	30.00
20.03	1509.00	6.73	48.00	25.00	30.00
20.03	1509.00	6.73	48.00	25.00	30.00
20.03	1509.00	6.73	48.00	25.00	30.00
20.03	1509.00	6.73	48.00	25.00	30.00
20.03	1509.00	6.73	48.00	25.00	30.00
20.03	1509.00	6.73	48.00	25.00	30.00
20.03	1509.00	6.73	48.00	25.00	30.00
20.03	1509.00	6.73	48.00	25.00	30.00
20.86	1509.00	6.73	50.00	25.00	30.00
20.86	1509.00	6.73	50.00	25.00	31.00
20.08	1546.00	6.99	50.00	25.00	31.00
20.08	1546.00	6.99	50.00	25.00	31.00
20.08	1546.00	6.99	50.00	25.00	31.00
20.08	1546.00	6.99	50.00	25.00	31.00
20.08	1546.00	6.99	50.00	25.00	31.00
20.08	1546.00	6.99	50.00	25.00	31.00
20.08	1546.00	6.99	50.00	25.00	31.00
20.49	1546.00	6.99	51.00	25.00	31.00
20.49	1546.00	6.99	51.00	24.00	26.00
23.71	1562.00	6.04	51.00	24.00	26.00
23.71	1562.00	6.04	51.00	24.00	26.00
23.71	1562.00	6.04	51.00	24.00	26.00
23.71	1562.00	6.04	51.00	24.00	26.00
23.71	1562.00	6.04	51.00	24.00	26.00
23.71	1562.00	6.04	51.00	24.00	26.00
23.71	1562.00	6.04	51.00	24.00	26.00
23.71	1562.00	6.04	51.00	24.00	26.00
23.71	1562.00	6.04	51.00	24.00	26.00
23.06	1582.00	6.21	51.00	24.00	26.00
23.06	1582.00	6.21	51.00	24.00	26.00
23.06	1582.00	6.21	51.00	24.00	26.00
23.06	1582.00	6.21	51.00	24.00	26.00
23.06	1582.00	6.21	51.00	24.00	26.00
23.06	1582.00	6.21	51.00	24.00	26.00
23.06	1582.00	6.21	51.00	24.00	26.00
23.06	1582.00	6.21	51.00	24.00	26.00
23.06	1582.00	6.21	51.00	24.00	26.00
23.47	1580.00	6.10	51.00	24.00	26.00
23.47	1580.00	6.10	51.00	24.00	26.00
23.47	1580.00	6.10	51.00	24.00	26.00
23.47	1580.00	6.10	51.00	24.00	26.00
23.47	1580.00	6.10	51.00	24.00	26.00
23.47	1580.00	6.10	51.00	24.00	26.00
23.47	1580.00	6.10	51.00	24.00	26.00
23.47	1580.00	6.10	51.00	24.00	26.00
23.36	1588.00	6.13	51.00	24.00	26.00
23.36	1588.00	6.13	51.00	24.00	26.00
23.36	1588.00	6.13	51.00	24.00	26.00
23.36	1588.00	6.13	51.00	24.00	26.00
23.36	1588.00	6.13	51.00	24.00	26.00
23.36	1588.00	6.13	51.00	24.00	26.00
23.36	1588.00	6.13	51.00	24.00	26.00
22.90	1588.00	6.13	50.00	16.00	26.00
22.90	1526.00	6.13	50.00	16.00	12.00
49.09	1526.00	2.86	50.00	16.00	12.00
49.09	1526.00	2.86	50.00	16.00	12.00
49.09	1526.00	2.86	50.00	16.00	12.00
49.09	1526.00	2.86	50.00	16.00	12.00
49.09	1526.00	2.86	50.00	16.00	12.00
49.09	1526.00	2.86	50.00	16.00	12.00
37.31	1526.00	2.86	38.00	16.00	12.00
37.31	1526.00	2.86	38.00	16.00	13.00
40.41	1408.00	2.64	38.00	16.00	13.00
40.41	1408.00	2.64	38.00	16.00	13.00
40.41	1408.00	2.64	38.00	16.00	13.00
40.41	1408.00	2.64	38.00	16.00	13.00
